3.727776599999995008e-28 4.437679422891058493e+05
3.874321915042575751e-28 4.612202913390557515e+05
4.026628178678730174e-28 4.793590002143451711e+05
4.184921863714418267e-28 4.982110618320037029e+05
4.349438345991444450e-28 5.178022484650732367e+05
4.520422254381125517e-28 5.381605492874778574e+05
4.698127834536807331e-28 5.593192586667510914e+05
4.882819326946120245e-28 5.813098591669717571e+05
5.074771359845119059e-28 6.041747806405621814e+05
5.274269357578558825e-28 6.279410353270003106e+05
5.481609965013505057e-28 6.526421925286996411e+05
5.697101488637387287e-28 6.783096204445544863e+05
5.921064354996363751e-28 7.049706659288423834e+05
6.153831587155699072e-28 7.326794445101666497e+05
6.395749299890607513e-28 7.614773129608649760e+05
6.647177214343912973e-28 7.914014969101563329e+05
6.908489192915776382e-28 8.224988484478030587e+05
7.180073795180865717e-28 8.548180974224793026e+05
7.462334855659585858e-28 8.884095846471332479e+05
7.755692084302488442e-28 9.233418196246058214e+05
8.060581690580761050e-28 9.596479831601562910e+05
8.377457032110779935e-28 9.973817193266160320e+05
8.706789288777223224e-28 1.036588479101819801e+06
9.049068163357106620e-28 1.077326115474865539e+06
9.404802609686576721e-28 1.119664493385031354e+06
9.774521589453176472e-28 1.163666748387115542e+06
1.015877485873892630e-27 1.209411996958362637e+06
1.055813378548377107e-27 1.256956758959449362e+06
1.097319219908490568e-27 1.306370638091396773e+06
1.140456727339533780e-27 1.357727138381042518e+06
1.185290044443461637e-27 1.411102670170159545e+06
1.231885836417637763e-27 1.466576525631180732e+06
1.280313389183089311e-27 1.524231192385925446e+06
1.330644712409666317e-27 1.584162227231464116e+06
1.382954646591295862e-27 1.646452806833787588e+06
1.437320974330549913e-27 1.711192802908111131e+06
1.493824535998000426e-27 1.778476493847449310e+06
1.552549349938343410e-27 1.848397928395276889e+06
1.613582737402031083e-27 1.921068047389900545e+06
1.677015452388184037e-27 1.996595206047665328e+06
1.742941816591849423e-27 2.075083754844017094e+06
1.811459859656270374e-27 2.156652512067160569e+06
1.882671464938710742e-27 2.241427413779829163e+06
1.956682521006587709e-27 2.329534593633839861e+06
2.033603079089178119e-27 2.421103013522251043e+06
2.113547516719020394e-27 2.516270669471052010e+06
2.196634707806343808e-27 2.615179133922502864e+06
2.282988199399414959e-27 2.717985136707989499e+06
2.372736395393638951e-27 2.824844502107661683e+06
2.466012747462579594e-27 2.935905700553814881e+06
2.562955953494808782e-27 3.051333365823579486e+06
2.663710163831649988e-27 3.171288972356085200e+06
2.768425195612479708e-27 3.295958447996057104e+06
2.877256755546314860e-27 3.425528846414840780e+06
2.990366671440933534e-27 3.560192010398291051e+06
3.107923132833803882e-27 3.700146878430124838e+06
3.230100941082628018e-27 3.845603395389947109e+06
3.357081769287379072e-27 3.996777955179210287e+06
3.489054432430315730e-27 4.153899214406808838e+06
3.626215168135672374e-27 4.317198956047157757e+06
3.768767928466489289e-27 4.486918497720371932e+06
3.916924683192482307e-27 4.663308421546509489e+06
4.070905734979893976e-27 4.846622472246468067e+06
4.230940046972001518e-27 5.037141898145774379e+06
4.397265583247373468e-27 5.235150591437548399e+06
4.570129662662133226e-27 5.440945620567481034e+06
4.749789326602366567e-27 5.654832773764230311e+06
4.936511721193509717e-27 5.877128122322750278e+06
5.130574494535049144e-27 6.108162053252798505e+06
5.332266209551198162e-27 6.348290041184309870e+06
5.541886773071444096e-27 6.597859109814977273e+06
5.759747881778995271e-27 6.857239446089068428e+06
5.986173485690221724e-27 7.126811691698729992e+06
6.221500269854277718e-27 7.406973481549767777e+06
6.466078154989157654e-27 7.698148094508480281e+06
6.720270817798628291e-27 8.000769036449311301e+06
6.984456231743702554e-27 8.315281713068124838e+06
7.259027229072779444e-27 8.642156642843203619e+06
7.544392084946155931e-27 8.981880992060540244e+06
7.840975124523469440e-27 9.334965341792687774e+06
8.149217353916810968e-27 9.701946676155468449e+06
8.469577115947670153e-27 1.008335645721185952e+07
8.802530771682828743e-27 1.047976048900378495e+07
9.148573408762602877e-27 1.089175137578769587e+07
9.508219577574673954e-27 1.131994073250645958e+07
9.882004056368202982e-27 1.176496372207299620e+07
1.027048264644587507e-26 1.222748013412358053e+07
1.067423299861632637e-26 1.270816085564083606e+07
1.109385547213583439e-26 1.320773605797283165e+07
1.152997402741648100e-26 1.372695024549081363e+07
1.198323715382822003e-26 1.426657139502765052e+07
1.245431883397442664e-26 1.482740125081568956e+07
1.294391954587479345e-26 1.541027734976754524e+07
1.345276730454575056e-26 1.601606673884912953e+07
1.398161874452720957e-26 1.664569374575969391e+07
1.453126024496529531e-26 1.730007698488460854e+07
1.510250909892402256e-26 1.798018582359585166e+07
1.569621472866462053e-26 1.868702323790254071e+07
1.631325994869957362e-26 1.942163159473925456e+07
1.695456227849951209e-26 2.018511653359069675e+07
1.762107530680484705e-26 2.097861487523017451e+07
1.831379010957085916e-26 2.180332307721631601e+07
1.903373672365464327e-26 2.266045895593094453e+07
1.978198567843522467e-26 2.355129128222609311e+07
2.055964958764429815e-26 2.447714088724464923e+07
2.136788480377457536e-26 2.543937324769810587e+07
2.220789313752577794e-26 2.643943069693008438e+07
2.308092364484498532e-26 2.747880180739215389e+07
2.398827448421866617e-26 2.855903738039933518e+07
2.493129484697799012e-26 2.968174282016567141e+07
2.591138696348783288e-26 3.084858419433144107e+07
2.693000818820246109e-26 3.206129624309976399e+07
2.798867316668840666e-26 3.332168456111937389e+07
2.908895608783667655e-26 3.463162136782814562e+07
3.023249302461336358e-26 3.599305420362927020e+07
3.142098436682914880e-26 3.740800875928744674e+07
3.265619734954517039e-26 3.887858958152201772e+07
3.393996868087488935e-26 4.040698197898735106e+07
3.527420727308938034e-26 4.199545843160428852e+07
3.666089708108704178e-26 4.364636250219930708e+07
3.810210005244845038e-26 4.536216088586685061e+07
3.959995919346295709e-26 4.714540928984330595e+07
4.115670175568607138e-26 4.899876241594697535e+07
4.277464254776587492e-26 5.092498064952868223e+07
4.445618737746305110e-26 5.292692252138798684e+07
4.620383662898266056e-26 5.500756390785077214e+07
4.802018898093695822e-26 5.717001341619174182e+07
4.990794527046773719e-26 5.941748097850010544e+07
5.186991250927399651e-26 6.175330187744363397e+07
5.390900805751651855e-26 6.418094715333323181e+07
5.602826396180589169e-26 6.670401865991809964e+07
5.823083146372425098e-26 6.932627535967953503e+07
6.051998568558478532e-26 7.205161775558936596e+07
6.289913050039651297e-26 7.488409049389635026e+07
6.537180359327578378e-26 7.782790501759447157e+07
6.794168172183056479e-26 8.088744463238109648e+07
7.061258618333944841e-26 8.406725965034537017e+07
7.338848849685492531e-26 8.737208667866542935e+07
7.627351630867991388e-26 9.080683360721738636e+07
7.927195952999873022e-26 9.437660636734826863e+07
8.238827671578888060e-26 9.808671141871555150e+07
8.562710169449887126e-26 1.019426642668165714e+08
8.899325045835007087e-26 1.059502006575898677e+08
9.249172832450819541e-26 1.101152799970287383e+08
9.612773737777276433e-26 1.144441035173363239e+08
9.990668420585150858e-26 1.189431037778533101e+08
1.038341879387217019e-25 1.236189680100033432e+08
1.079160886040326306e-25 1.284786455633814633e+08
1.121584558109733610e-25 1.335293547376446128e+08
1.165675977755182331e-25 1.387786138537434042e+08
1.211500707004703670e-25 1.442342300013890266e+08
1.259126885242507447e-25 1.499043189598331153e+08
1.308625330529289402e-25 1.557973111064974964e+08
1.360069644905616610e-25 1.619219670774438083e+08
1.413536323834966633e-25 1.682873935328761935e+08
1.469104869949164162e-25 1.749030544664436281e+08
1.526857911265344446e-25 1.817787879516001940e+08
1.586881324050229725e-25 1.889248180939721763e+08
1.649264360514412780e-25 1.963517755155071914e+08
1.714099781526520912e-25 2.040707051171063185e+08
1.781483994544603368e-25 2.120930802079991996e+08
1.851517196969838179e-25 2.204308288458303511e+08
1.924303525135721475e-25 2.290963548633592129e+08
1.999951209154276324e-25 2.381025397196029425e+08
2.078572733849534045e-25 2.474627738059970438e+08
2.160285006017586497e-25 2.571909689491223395e+08
2.245209528261921452e-25 2.673015827451925576e+08
2.333472579662519628e-25 2.778096593839485049e+08
2.425205403547370328e-25 2.887308262614974976e+08
2.520544402645604414e-25 3.000813279189783931e+08
2.619631341912435137e-25 3.118780399283108115e+08
2.722613559327495983e-25 3.241385012816442251e+08
2.829644184980022924e-25 3.368809451127553582e+08
2.940882368766654195e-25 3.501243289567668438e+08
3.056493517040421643e-25 3.638883361562632918e+08
3.176649538562820186e-25 3.781934308453175426e+08
3.301529100124679216e-25 3.930608660596646667e+08
3.431317892215927001e-25 4.085127497502898574e+08
3.566208905139294543e-25 4.245720703034695983e+08
3.706402715978520954e-25 4.412627105159326196e+08
3.852107786847775356e-25 4.586095169957466722e+08
4.003540774865776740e-25 4.766382632637442946e+08
4.160926854315527230e-25 4.953757512389049530e+08
4.324500051468705309e-25 5.148498299208756685e+08
4.494503592572573478e-25 5.350894490752556324e+08
4.671190265516857996e-25 5.561247181517337561e+08
4.854822795718373757e-25 5.779869191475073099e+08
5.045674236782318919e-25 6.007085808224551678e+08
5.244028376521136904e-25 6.243234782544103861e+08
5.450180158934687006e-25 6.488667190703945160e+08
5.664436122779168531e-25 6.743747965832480192e+08
5.887114857376957205e-25 7.008856388524584770e+08
6.118547476345101662e-25 7.284386678271579742e+08
6.359078109946906017e-25 7.570748541154010296e+08
6.609064416798702834e-25 7.868367655043263435e+08
6.868878115692696532e-25 8.177686600059843063e+08
7.138905538326680041e-25 8.499165386425933838e+08
7.419548203762507385e-25 8.833282071817809343e+08
7.711223415467519058e-25 9.180533597606872320e+08
8.014364881826692079e-25 9.541436214071272612e+08
8.329423361048190559e-25 9.916526535115809441e+08
8.656867331421264866e-25 1.030636231645357966e+09
8.997183687923140437e-25 1.071152322928549290e+09
9.350878466210729910e-25 1.113261172050250292e+09
9.718477595073691833e-25 1.157025392809018135e+09
1.010052767846772931e-24 1.202510064089920998e+09
1.049759680829094689e-24 1.249782817533633709e+09
1.091027540911187227e-24 1.298913944819440603e+09
1.133917711610515662e-24 1.349976489886049747e+09
1.178493968750046322e-24 1.403046369349518538e+09
1.224822595290128327e-24 1.458202511146695137e+09
1.272972479888380016e-24 1.515526934794286013e+09
1.323015219334133698e-24 1.575104907057363272e+09
1.375025225009755412e-24 1.637025006279548883e+09
1.429079833537141332e-24 1.701379293575562954e+09
1.485259421773920163e-24 1.768263455937250137e+09
1.543647526330352052e-24 1.837776938042441845e+09
1.604330967784644631e-24 1.910023111613598824e+09
1.667399979781385365e-24 1.985109406576880693e+09
1.732948343205055961e-24 2.063147471488055229e+09
1.801073525628139631e-24 2.144253345694734097e+09
1.871876826241171962e-24 2.228547631021121502e+09
1.945463526480241733e-24 2.316155670596355915e+09
2.021943046575919254e-24 2.407207745271315575e+09
2.101429108256392078e-24 2.501839237662930012e+09
2.184039903846740245e-24 2.600190857397045612e+09
2.269898272015795180e-24 2.702408841347181797e+09
2.359131880431912275e-24 2.808645179953205109e+09
2.451873415599252913e-24 2.919057849246222496e+09
2.548260780156860986e-24 3.033811030337391853e+09
2.648437297933902779e-24 3.153075351227314472e+09
2.752551927065982410e-24 3.277028155359756470e+09
2.860759481489427765e-24 3.405853756837952614e+09
2.973220861142896907e-24 3.539743720926283836e+09
3.090103291218604164e-24 3.678897146189928532e+09
3.211580570818928504e-24 3.823520936928230762e+09
3.337833331388135025e-24 3.973830138270936012e+09
3.469049305303497752e-24 4.130048241700717449e+09
3.605423605025199793e-24 4.292407540018934250e+09
3.747159013220094062e-24 4.461149460289311409e+09
3.894466284290732844e-24 4.636524917821536064e+09
4.047564457758020313e-24 4.818794697609708786e+09
4.206681183963474893e-24 5.008229819863328934e+09
4.372053062575413239e-24 5.205111963165790558e+09
4.543925994402387800e-24 5.409733879595313072e+09
4.722555547037025130e-24 5.622399832770641327e+09
4.908207334873943567e-24 5.843426049999506950e+09
5.101157414066834657e-24 6.073141188474221230e+09
5.301692693011989718e-24 6.311886830116577148e+09
5.510111358968632279e-24 6.560017976083886147e+09
5.726723321450439849e-24 6.817903584901397705e+09
5.951850673047541307e-24 7.085927111417952538e+09
6.185828168364226700e-24 7.364487087756560326e+09
6.429003721784516277e-24 7.653997731124486923e+09
6.681738924805758584e-24 7.954889535410312653e+09
6.944409583709495273e-24 8.267609925284657478e+09
7.217406278369101418e-24 8.592623897624582291e+09
7.501134943025106130e-24 8.930414729160165787e+09
7.796017469891797597e-24 9.281484699743516922e+09
8.102492336492642870e-24 9.646355835570873260e+09
8.421015257657342572e-24 1.002557068382819939e+10
8.752059863150003599e-24 1.041969312035928154e+10
9.096118401936056232e-24 1.082930919647385025e+10
9.453702474135107752e-24 1.125502799249946976e+10
9.825343791748119811e-24 1.169748252896906662e+10
1.021159496929008781e-23 1.215733071314559364e+10
1.061303034550384736e-23 1.263525630435757256e+10
1.103024683737686521e-23 1.313196996690680504e+10
1.146386482773090699e-23 1.364821029805855370e+10
1.191452908770436811e-23 1.418474492644007492e+10
1.238290973549898890e-23 1.474237165627422523e+10
1.286970323281654207e-23 1.532191965289171791e+10
1.337563342046717081e-23 1.592425067846923256e+10
1.390145259468926053e-23 1.655026036710327721e+10
1.444794262578131633e-23 1.720087957097745895e+10
1.501591612070916505e-23 1.787707573482892227e+10
1.560621763141725926e-23 1.857985433334341812e+10
1.621972491064078373e-23 1.931026036808901215e+10
1.685735021708587683e-23 2.006937992070141220e+10
1.752004167191875803e-23 2.085834176876583862e+10
1.820878466858075398e-23 2.167831907474454498e+10
1.892460333802561453e-23 2.253053110639350891e+10
1.966856207155777701e-23 2.341624506073582458e+10
2.044176710353608630e-23 2.433677795087339783e+10
2.124536815629626336e-23 2.529349855683862305e+10
2.208056014973815852e-23 2.628782948962761688e+10
2.294858497811978130e-23 2.732124928162193298e+10
2.385073335670019195e-23 2.839529457980247498e+10
2.478834674097708619e-23 2.951156244262692261e+10
2.576281932137292051e-23 3.067171271406315231e+10
2.677560009633558263e-23 3.187747048767421722e+10
2.782819502693621459e-23 3.313062867095666504e+10
2.892216927616798064e-23 3.443305065661383820e+10
3.005914953627553834e-23 3.578667309021828461e+10
3.124082644757584439e-23 3.719350875316944885e+10
3.246895711236691156e-23 3.865564955109566498e+10
3.374536770766273829e-23 4.017526962027206421e+10
3.507195620063926129e-23 4.175462856802017212e+10
3.645069517082923068e-23 4.339607481029523468e+10
3.788363474326236943e-23 4.510204911467562103e+10
3.937290563691233645e-23 4.687508820075163269e+10
4.092072233298342251e-23 4.871782850400053406e+10
4.252938636774801391e-23 5.063301010330258179e+10
4.420128975483115140e-23 5.262348078655228424e+10
4.593891854203104061e-23 5.469220029468507385e+10
4.774485650796423935e-23 5.684224470485157776e+10
4.962178900403238609e-23 5.907681104180639648e+10
5.157250694742319587e-23 6.139922201919072723e+10
5.359991097108325722e-23 6.381293095883411407e+10
5.570701573683335246e-23 6.632152691894796753e+10
5.789695441803978687e-23 6.892874008543835449e+10
6.017298335850729674e-23 7.163844728081062317e+10
6.253848691452093040e-23 7.445467771365640259e+10
6.499698248723705776e-23 7.738161899371482849e+10
6.755212575290627051e-23 8.042362336080529785e+10
7.020771609870533759e-23 8.358521414481924438e+10
7.296770227226112677e-23 8.687109247457519531e+10
7.583618825326699802e-23 9.028614431614878845e+10
7.881743935592252378e-23 9.383544771078166199e+10
8.191588857127067068e-23 9.752428029277354431e+10
8.513614315886311645e-23 1.013581271722439728e+11
8.848299149755537367e-23 1.053426891377433472e+11
9.196141020561830755e-23 1.094838910738089142e+11
9.557657154075365475e-23 1.137878907278702545e+11
9.933385109101680516e-23 1.182610879688551025e+11
1.032388357680829844e-22 1.229101342658415375e+11
1.072973321147425425e-22 1.277419425360091095e+11
1.115153749389781131e-22 1.327636974336498871e+11
1.158992362874623701e-22 1.379828661113034668e+11
1.204554347718191573e-22 1.434072092621935120e+11
1.251907452615162180e-22 1.490447925741961365e+11
1.301122089578021983e-22 1.549039988834868469e+11
1.352271438636673224e-22 1.609935406205257263e+11
1.405431556653964084e-22 1.673224726700824890e+11
1.460681490418943169e-22 1.739002057857253113e+11
1.518103394186006432e-22 1.807365208118677979e+11
1.577782651834707617e-22 1.878415830940895386e+11
1.639808003831883714e-22 1.952259574598100281e+11
1.704271679184877945e-22 2.029006241050024109e+11
1.771269532582073319e-22 2.108769949946620178e+11
1.840901186924654948e-22 2.191669306791576843e+11
1.913270181461541792e-22 2.277827577369170837e+11
1.988484125747757157e-22 2.367372875877095947e+11
2.066654859655168758e-22 2.460438353197357178e+11
2.147898619673525914e-22 2.557162392682335205e+11
2.232336211749075823e-22 2.657688817448119812e+11
2.320093190917765694e-22 2.762167106925784912e+11
2.411300048000131981e-22 2.870752616519106445e+11
2.506092403635491098e-22 2.983606805274537354e+11
2.604611209943943303e-22 3.100897482671337891e+11
2.707002960116062827e-22 3.222799056438382568e+11
2.813419906241913325e-22 3.349492788231746216e+11
2.924020285703303153e-22 3.481167062846176147e+11
3.038968556465903517e-22 3.618017675819727783e+11
3.158435641621112077e-22 3.760248119733042603e+11
3.282599183541269229e-22 3.908069881103709106e+11
3.411643808026162583e-22 4.061702763412357178e+11
3.545761398833579597e-22 4.221375214677924805e+11
3.685151383002128849e-22 4.387324661420628662e+11
3.830021027390595962e-22 4.559797855921757812e+11
3.980585746874768699e-22 4.739051260825244141e+11
4.137069424660011800e-22 4.925351421787832031e+11
4.299704745185879302e-22 5.118975353886229858e+11
4.468733540117781008e-22 5.320210963357943115e+11
4.644407147940177945e-22 5.529357482956661377e+11
4.826986787686000175e-22 5.746725907092886963e+11
5.016743947358020243e-22 5.972639440936071777e+11
5.213960787619729915e-22 6.207434010192862549e+11
5.418930561356009424e-22 6.451458750710169678e+11
5.631958049727438205e-22 6.705076511407033691e+11
5.853360015366662936e-22 6.968664400037237549e+11
6.083465673390684930e-22 7.242614366662623291e+11
6.322617180929458356e-22 7.527333769137705078e+11
6.571170145898695505e-22 7.823245955220142822e+11
6.829494155773408446e-22 8.130790931866990967e+11
7.097973327148451737e-22 8.450426015821791992e+11
7.377006876903232246e-22 8.782626488453842773e+11
7.667009715819884516e-22 9.127886292671773682e+11
7.968413065537609184e-22 9.486718824060001221e+11
8.281665099760535896e-22 9.859657664560063477e+11
8.607231610672576744e-22 1.024725733414120117e+12
8.945596701550198810e-22 1.065009416517746826e+12
9.297263506602987096e-22 1.106876717531951416e+12
9.662754939112387016e-22 1.150389892136128418e+12
1.004261446898107010e-21 1.195613637239091797e+12
1.043740693084909307e-21 1.242615199857258057e+12
1.084771936397850836e-21 1.291464472153313721e+12
1.127416188515526931e-21 1.342234087842647461e+12
1.171736859590642605e-21 1.394999535714393066e+12
1.217799852538158486e-21 1.449839278233924561e+12
1.265673661030065729e-21 1.506834861872112549e+12
1.315429471342504360e-21 1.566071028870133301e+12
1.367141268206667862e-21 1.627635861056214844e+12
1.420885944820888736e-21 1.691620907277423340e+12
1.476743417187487013e-21 1.758121308023781982e+12
1.534796742944399975e-21 1.827235938251522217e+12
1.595132244868285092e-21 1.899067572027922607e+12
1.657839639232743968e-21 1.973723024832271973e+12
1.723012169212528810e-21 2.051313295261461914e+12
1.790746743532097710e-21 2.131953753746013428e+12
1.861144080564683690e-21 2.215764316300760742e+12
1.934308858096144578e-21 2.302869606034207520e+12
2.010349868976290616e-21 2.393399126667785645e+12
2.089380182889130942e-21 2.487487496377698242e+12
2.171517314482588889e-21 2.585274631252196777e+12
2.256883398107683097e-21 2.686905922121641602e+12
2.345605369427010612e-21 2.792532479802722656e+12
2.437815154162568394e-21 2.902311377021288574e+12
2.533649864263579180e-21 3.016405857446729492e+12
2.633252001786009410e-21 3.134985541053872559e+12
2.736769670786946181e-21 3.258226754385327148e+12
2.844356797548901836e-21 3.386312772366897949e+12
2.956173359461520074e-21 3.519434036955492188e+12
3.072385622901011994e-21 3.657788466667972656e+12
3.193166390461043153e-21 3.801581803384223633e+12
3.318695257902695553e-21 3.951027879145504395e+12
3.449158881205569588e-21 4.106348865777290527e+12
3.584751254117128973e-21 4.267775712634642578e+12
3.725673996612986129e-21 4.435548485989541016e+12
3.872136654697057052e-21 4.609916647239791992e+12
4.024357011987379413e-21 4.791139413128998047e+12
4.182561413550904153e-21 4.979486272788539062e+12
4.346985102468785570e-21 5.175237329338365234e+12
4.517872569632642373e-21 5.378683589985916992e+12
4.695477917291900591e-21 5.590127539167077148e+12
4.880065236892818628e-21 5.809883631319429688e+12
5.071909001771004769e-21 6.038278650392368164e+12
5.271294475281362319e-21 6.275652080749834961e+12
5.478518134972322153e-21 6.522356905366904297e+12
5.693888113435089697e-21 6.778760048135807617e+12
5.917724656483444727e-21 7.045242683528193359e+12
6.150360599345367641e-21 7.322200971981511719e+12
6.392141861574585924e-21 7.610046802828381836e+12
6.643427961417938645e-21 7.909208250749025391e+12
6.904592550403416467e-21 8.220129946457690430e+12
7.176023968943766402e-21 8.543274209774300781e+12
7.458125823781841624e-21 8.879121684640210938e+12
7.751317588136315011e-21 9.228171679741191406e+12
8.056035225440151882e-21 9.590943011335339844e+12
8.372731837599329136e-21 9.967975184988388672e+12
8.701878338735700167e-21 1.035982897313765039e+13
9.043964155415871286e-21 1.076708674935727930e+13
9.399497954407265443e-21 1.119035399791325781e+13
9.769008399043541244e-21 1.163026030829916992e+13
1.015304493532402910e-20 1.208745978989430078e+13
1.055217860891609458e-20 1.256263183463154883e+13
1.096700291427526948e-20 1.305648308229842773e+13
1.139813467714576172e-20 1.356974818034575195e+13
1.184621497175356876e-20 1.410318993110308203e+13
1.231191007405604059e-20 1.465760125676509766e+13
1.279591245246532233e-20 1.523380683361690820e+13
1.329894179751883535e-20 1.583266365203124414e+13
1.382174609202788578e-20 1.645506128539642578e+13
1.436510272329564565e-20 1.710192523543546289e+13
1.492981963905835401e-20 1.777421801292677734e+13
1.551673654886853567e-20 1.847293878573979297e+13
1.612672617270668953e-20 1.919912582880096094e+13
1.676069553867800989e-20 1.995385931639976953e+13
1.741958733172385630e-20 2.073826200052254688e+13
1.810438129535333459e-20 2.155349895452669141e+13
1.881609568847940178e-20 2.240078214758762891e+13
1.955578879952569082e-20 2.328137241565470703e+13
2.032456052005547313e-20 2.419657880548500391e+13
2.112355398026269766e-20 2.514776066369622266e+13
2.195395724875699634e-20 2.613633272883291016e+13
2.281700509917014389e-20 2.716376609621586328e+13
2.371398084621090457e-20 2.823158670225057031e+13
2.464621825389828935e-20 2.934138143864807422e+13
2.561510351881081971e-20 3.049480187015356641e+13
2.662207733130066745e-20 3.169356335930477734e+13
2.766863701773772499e-20 3.293944524976035938e+13
2.875633876696893768e-20 3.423430026869370312e+13
2.988679994430361086e-20 3.558005625172505469e+13
3.106170149646544080e-20 3.697871187642865625e+13
3.228279045108737824e-20 3.843234454481472656e+13
3.355188251446591211e-20 3.994311747641675000e+13
3.487086477143755367e-20 4.151327879240942969e+13
3.624169849139210433e-20 4.314515763756857031e+13
3.766642204459517982e-20 4.484117984480042969e+13
3.914715393315631868e-20 4.660387179605992188e+13
4.068609594114971186e-20 4.843585192660477344e+13
4.228553640857162001e-20 5.033983904798275781e+13
4.394785363400262729e-20 5.231866616956590625e+13
4.567551941103447480e-20 5.437527972930972656e+13
4.747110270371986409e-20 5.651272980532382031e+13
4.933727346651056874e-20 5.873419171016137500e+13
5.127680661436383649e-20 6.104297500451507812e+13
5.329258614892055085e-20 6.344251176534827344e+13
5.538760944689056311e-20 6.593635895780958594e+13
5.756499171702176817e-20 6.852822593474750000e+13
5.982797063228039837e-20 7.122197561392014062e+13
6.217991114413022031e-20 7.402160247234120312e+13
6.462431048606939468e-20 7.693126143864306250e+13
6.716480337386491452e-20 7.995528740738660938e+13
6.980516741021732099e-20 8.309818134137173438e+13
7.254932870189192813e-20 8.636459443042582812e+13
7.540136769766932697e-20 8.975938168623403125e+13
7.836552525579563598e-20 9.328760997292031250e+13
8.144620894995474558e-20 9.695451136125039062e+13
8.464799962313912707e-20 1.007655200361737656e+14
8.797565819916461619e-20 1.047263123751990781e+14
9.143413276195762479e-20 1.088427916589968125e+14
9.502856591314114343e-20 1.131210440675788750e+14
9.876430241886038170e-20 1.175674210401503438e+14
1.026468971572179783e-19 1.221885641551849219e+14
1.066821233781368771e-19 1.269913326666777812e+14
1.108759812879323553e-19 1.319828292433806094e+14
1.152347069713585933e-19 1.371704835117106562e+14
1.197647816643960481e-19 1.425620412496208125e+14
1.244729413915682182e-19 1.481654703287726562e+14
1.293661869821178499e-19 1.539890747828791562e+14
1.344517944799361981e-19 1.600415546704244062e+14
1.397373259627247881e-19 1.663319128724165000e+14
1.452306407864766321e-19 1.728694245527135625e+14
1.509399072719978027e-19 1.796638068966938125e+14
1.568736148508459677e-19 1.867252325975640625e+14
1.630405866887468012e-19 1.940641353767347500e+14
1.694499928052586005e-19 2.016913628244623125e+14
1.761113637091935753e-19 2.096183055636692500e+14
1.830346045700708685e-19 2.178567957103145625e+14
1.902300099466739667e-19 2.264189342065461250e+14
1.977082790946128768e-19 2.353174158244633438e+14
2.054805318756530560e-19 2.445656141153766250e+14
2.135583252924674135e-19 2.541771994299827500e+14
2.219536706733978296e-19 2.641663253265069062e+14
2.306790515327793340e-19 2.745478916509867500e+14
2.397474421333842665e-19 2.853374468408757500e+14
2.491723267785879560e-19 2.965508195698006250e+14
2.589677198629431019e-19 3.082045815146884375e+14
2.691481867109762551e-19 3.203162582139931875e+14
2.797288652351934775e-19 3.329038149108129375e+14
2.907254884454992821e-19 3.459856890452160000e+14
3.021544078435002155e-19 3.595813418184408750e+14
3.140326177364777378e-19 3.737112414700270625e+14
3.263777805071862661e-19 3.883960995529765625e+14
3.392082528770497841e-19 4.036575147701520625e+14
3.525431132018103024e-19 4.195184310727517500e+14
3.664021898402149267e-19 4.360025218538392500e+14
3.808060906379252289e-19 4.531337528621998125e+14
3.957762335704894390e-19 4.709374824015734375e+14
4.113348785909429877e-19 4.894407245760333750e+14
4.275051607293928876e-19 5.086705976890813750e+14
4.443111244938035735e-19 5.286551920184118125e+14
4.617777596231370937e-19 5.494244927522662500e+14
4.799310382460110721e-19 5.710097579549956250e+14
4.987979535001265279e-19 5.934421588571483750e+14
5.184065596698927897e-19 6.167546595195021250e+14
5.387860139019315205e-19 6.409828728476370000e+14
5.599666195604880380e-19 6.661624240609922500e+14
5.819798712872199546e-19 6.923297392981227500e+14
6.048585018323620976e-19 7.195238910926692500e+14
6.286365307269065460e-19 7.477862071590186250e+14
6.533493148681691257e-19 7.771573952956637500e+14
6.790336010939611938e-19 8.076802331588311250e+14
7.057275808235438706e-19 8.394013651922930000e+14
7.334709468466109364e-19 8.723679250788243750e+14
7.623049523447452030e-19 9.066269611888976250e+14
7.922724722331098066e-19 9.422291448199692500e+14
8.234180669135864666e-19 9.792293846897815000e+14
8.557880485341600835e-19 1.017680894672318500e+15
8.894305498530733214e-19 1.057638966414173750e+15
9.243955958101497855e-19 1.099164492659068500e+15
9.607351779117093161e-19 1.142320293418912500e+15
9.985033315396817458e-19 1.187166810436619250e+15
1.037756216299876147e-18 1.233769255774541250e+15
1.078552199528877069e-18 1.282201088433925750e+15
1.120951943083742291e-18 1.332531997729078000e+15
1.165018493543552498e-18 1.384833060546728750e+15
1.210817375956938673e-18 1.439183323216673000e+15
1.258416691274986609e-18 1.495666659638578500e+15
1.307887217614396226e-18 1.554361361754675250e+15
1.359302515501470671e-18 1.615351170593510500e+15
1.412739037253427418e-18 1.678732984167814000e+15
1.468276240659676531e-18 1.744599373046758250e+15
1.525996707132106313e-18 1.813041024349153750e+15
1.585986264500060048e-18 1.884159591213968250e+15
1.648334114632593947e-18 1.958067863598400000e+15
1.713132966077787026e-18 2.034867729567682250e+15
1.780479171916328931e-18 2.114666097920384250e+15
1.850472873034371099e-18 2.197589407642125750e+15
1.923218147028679345e-18 2.283762576222491000e+15
1.998823162965505111e-18 2.373300125028623000e+15
2.077400342223292985e-18 2.466330770608462000e+15
2.159066525658394004e-18 2.563008110900742000e+15
2.243943147342348893e-18 2.663465125879762500e+15
2.332156415129083961e-18 2.767836847144313500e+15
2.423837498320514312e-18 2.876286550301948500e+15
2.519122722709604669e-18 2.988985542259650000e+15
2.618153773290908982e-18 3.106077131974296000e+15
2.721077904940009568e-18 3.227720850681917000e+15
2.828048161375129470e-18 3.354127732456717500e+15
2.939223602726499582e-18 3.485472973595610500e+15
3.054769542051871806e-18 3.621924575680768500e+15
3.174857791149865403e-18 3.763689646116910500e+15
3.299666916036654114e-18 3.911003516583486500e+15
3.429382502465887225e-18 4.064050413397320500e+15
3.564197431886651335e-18 4.223028654590024500e+15
3.704312168249819184e-18 4.388214332435148500e+15
3.849935056089244958e-18 4.559848963892821000e+15
4.001282630321046929e-18 4.738137100634293000e+15
4.158579938221634044e-18 4.923333460595331000e+15
4.322060874063240710e-18 5.115768465410741000e+15
4.491968526904564578e-18 5.315679976850708000e+15
4.668555542053644174e-18 5.523308844982569000e+15
4.852084496740477999e-18 5.739009866032643000e+15
5.042828290557964878e-18 5.963127522783760000e+15
5.241070551251767174e-18 6.195903007483986000e+15
5.447106056462455288e-18 6.437632585771832000e+15
5.661241172047074780e-18 6.688793103980537000e+15
5.883794307631880828e-18 6.949694455944809000e+15
6.115096390073638871e-18 7.220619013102570000e+15
6.355491355533502825e-18 7.502008408383332000e+15
6.605336660895163991e-18 7.794363621363799000e+15
6.865003815287728737e-18 8.097970621422017000e+15
7.134878932503674200e-18 8.413159213780293000e+15
7.415363305133306542e-18 8.740595296022099000e+15
7.706874001269430280e-18 9.080707780156212000e+15
8.009844484669509216e-18 9.433809445054496000e+15
8.324725259297465794e-18 9.800418648350188000e+15
8.651984539203529419e-18 1.018127472707026800e+16
8.992108944738216988e-18 1.057673307888659600e+16
9.345604226135677671e-18 1.098715274528836600e+16
9.712996015542351214e-18 1.141339044280939600e+16
1.009483060860916240e-17 1.185610248135021400e+16
1.049167577680945644e-17 1.231560158093288800e+16
1.090412161169053530e-17 1.279242672439044400e+16
1.133278140231420247e-17 1.328771318424741000e+16
1.177829254719097182e-17 1.380190989031549800e+16
1.224131750206401415e-17 1.433536140445415200e+16
1.272254476495209195e-17 1.488911647500179800e+16
1.322268989991625246e-17 1.546424791712716400e+16
1.374249660107253389e-17 1.606100318671934400e+16
1.428273779843284862e-17 1.667978204922434600e+16
1.484421680721838704e-17 1.732240047369377600e+16
1.542776852235447651e-17 1.798944524840584000e+16
1.603426065992314232e-17 1.868115444899650800e+16
1.666459504741924025e-17 1.939869172223089200e+16
1.731970896472884469e-17 2.014378937669794400e+16
1.800057653782375675e-17 2.091665357191820400e+16
1.870821018724455918e-17 2.171747754222303200e+16
1.944366213352604276e-17 2.254871349151384000e+16
2.020802596180348312e-17 2.341140387513683600e+16
2.100243824792630063e-17 2.430550491837119200e+16
2.182808024849701758e-17 2.523203004531054800e+16
2.268617965734859229e-17 2.619387428262174400e+16
2.357801243107186988e-17 2.719120798311380400e+16
2.450490468630768798e-17 2.822379892999855200e+16
2.546823467162477336e-17 2.929465364850591600e+16
2.646943481691556684e-17 3.040586536200964400e+16
2.750999386335733719e-17 3.155679476613418800e+16
2.859145907710570614e-17 3.274762542202982800e+16
2.971543855001229178e-17 3.398339339369312400e+16
3.088360359078753188e-17 3.526425547354790400e+16
3.209769121016422207e-17 3.658910053522188000e+16
3.335950670375710443e-17 3.796117179982218400e+16
3.467092633645912213e-17 3.938469498665046400e+16
3.603390013236590847e-17 4.085801174025967200e+16
3.745045477437703738e-17 4.237924159549389600e+16
3.892269661778551770e-17 4.395688144002360000e+16
4.045281482233676651e-17 4.559140880731703200e+16
4.204308460741415736e-17 4.728005336270966400e+16
4.369587063519151376e-17 4.902526495018464800e+16
4.541363052678318796e-17 5.083489616641282400e+16
4.719891851662002380e-17 5.270627725957113600e+16
4.905438925048513036e-17 5.463505519849752000e+16
5.098280173285698933e-17 5.663193116589405600e+16
5.298702342942940955e-17 5.869995352011776800e+16
5.507003453090859006e-17 6.083340165520406400e+16
5.723493238442744693e-17 6.303133658967224000e+16
5.948493609916633713e-17 6.530868378524500800e+16
6.182339133302882318e-17 6.766149899817152000e+16
6.425377526748977297e-17 7.008101820945345600e+16
6.677970177801334996e-17 7.257914704694936000e+16
6.940492680772906447e-17 7.516535533007019200e+16
7.213335395235622126e-17 7.782892070666601600e+16
7.496904026468137311e-17 8.055966027648568000e+16
7.791620228721986803e-17 8.338621176982264000e+16
8.097922232203151636e-17 8.630331171429217600e+16
8.416265494701374003e-17 8.929464891326363200e+16
8.747123378836119071e-17 9.236980672661881600e+16
9.090987855926259547e-17 9.555086781292628800e+16
9.448370237530078322e-17 9.882052555823044800e+16
9.819801935743375368e-17 1.021538589885374880e+17
1.020583525338619053e-16 1.055951372089998240e+17
1.060704420525314435e-16 1.091425958735279040e+17
1.102402537164852408e-16 1.127675036300055360e+17
1.145739878547531678e-16 1.164680430279329120e+17
1.190780885419723535e-16 1.202900180468939200e+17
1.237592531804465676e-16 1.242086684664057600e+17
1.286244424588928737e-16 1.281800630795308480e+17
1.336808907026837652e-16 1.322565693274267360e+17
1.389361166309750540e-16 1.364542370367957920e+17
1.443979345367151708e-16 1.407247237707772320e+17
1.500744659061595922e-16 1.450343500739922560e+17
1.559741514951686413e-16 1.494759565891832960e+17
1.621057638802452336e-16 1.540161736692484160e+17
1.684784205029754371e-16 1.585806467817699520e+17
1.751015972272686563e-16 1.632192732271731840e+17
1.819851424295560394e-16 1.679922306947530240e+17
1.891392916428989849e-16 1.728217063667051200e+17
1.965746827767826977e-16 1.775996962722797440e+17
2.043023719352260824e-16 1.825097829382524480e+17
2.123338498567287222e-16 1.875108677500503680e+17
2.206810590005004634e-16 1.924820583355104640e+17
2.293564113043801253e-16 1.974423958257510720e+17
2.383728066408485347e-16 2.025305631419497920e+17
2.477436519985792927e-16 2.076372251118069440e+17
2.574828814180491344e-16 2.125770418793336960e+17
2.676049767108516446e-16 2.175875893417083200e+17
2.781249889935228506e-16 2.226705037580134400e+17
2.890585610678982344e-16 2.276378285214042880e+17
3.004219506812806920e-16 2.324150693583575680e+17
3.122320547010051725e-16 2.372925660717706240e+17
3.245064342393474517e-16 2.421271725039582400e+17
3.372633407661360134e-16 2.466296482189378880e+17
3.505217432478959560e-16 2.510551006013250560e+17
3.643013563538791521e-16 2.555291494641653440e+17
3.786226697709220799e-16 2.597751815418933440e+17
3.935069786707211654e-16 2.635041676298764480e+17
4.089764153748291288e-16 2.672866820694226880e+17
4.250539822644570271e-16 2.709513692438052800e+17
4.417635859840169079e-16 2.740713904543084160e+17
4.591300729892650571e-16 2.768430230242940160e+17
4.771792664929033178e-16 2.796426845946466240e+17
4.959380048625765775e-16 2.820970563283628160e+17
5.154341815283604293e-16 2.835730050592193600e+17
5.356967864590819568e-16 2.850168213397884480e+17
5.567559492691452581e-16 2.862905269094895680e+17
5.786429840199610469e-16 2.868096623662913600e+17
6.013904357825972676e-16 2.865633104099003520e+17
6.250321290308878616e-16 2.863171700547710400e+17
6.496032179369576060e-16 2.856335845530831040e+17
6.751402386439510796e-16 2.836636199914422720e+17
7.016811635936921246e-16 2.814189098586297920e+17
7.292654579900574977e-16 2.790516815391284480e+17
7.579341384820228817e-16 2.758400151858201280e+17
7.877298341536398251e-16 2.713515969581697600e+17
8.186968499116348053e-16 2.669362134502018560e+17
8.508812323648829264e-16 2.621452739415589440e+17
8.843308382937174897e-16 2.559675793617628480e+17
9.190954058108864190e-16 2.492718029097642560e+17
9.552266283199672278e-16 2.427024559746506240e+17
9.927782313812160215e-16 2.354843932330224640e+17
1.031806052599144253e-15 2.265790849594982080e+17
1.072368124650614148e-15 2.180105485389113280e+17
1.114524761576911004e-15 2.093945128409253760e+17
1.158338648468106522e-15 1.997064570453035840e+17
1.203874934673067322e-15 1.894215536154829440e+17
1.251201330673710539e-15 1.796663237882376320e+17
1.300388208767551901e-15 1.697568467845507200e+17
1.351508707708260444e-15 1.584955237685979520e+17
1.404638841459810470e-15 1.478034175327560320e+17
1.459857612225948397e-15 1.376095265218505600e+17
1.517247127923042908e-15 1.270674735224857280e+17
1.576892724270992707e-15 1.161480794927791200e+17
1.638883091683741121e-15 1.061670307584552160e+17
1.703310407148072375e-15 9.662928960307121600e+16
1.770270471286792654e-15 8.666609587482764800e+16
1.839862850810099173e-15 7.738132732894369600e+16
1.912191026566958030e-15 6.901499920256183200e+16
1.987362547416638256e-15 6.102923337050638400e+16
2.065489190149198161e-15 5.309259003371168000e+16
2.146687125692722728e-15 4.614626860219938400e+16
2.231077091854453515e-15 3.993672896712869600e+16
2.318784572852669880e-15 3.397624337721589200e+16
2.409939985906276808e-15 2.862550871257166000e+16
2.504678875159551172e-15 2.412322740347063200e+16
2.603142113230403893e-15 2.016225828387886400e+16
2.705476110681849404e-15 1.640178601090011400e+16
2.811833033728162579e-15 1.335456125632445400e+16
2.922371030499436129e-15 1.084200137114708800e+16
3.037254466200988451e-15 8.650338974330940000e+15
3.156654167517292784e-15 6.795321545027155000e+15
3.280747676623846051e-15 5.357817278614409000e+15
3.409719515184680428e-15 4.209292240819384000e+15
3.543761458728071791e-15 3.229778652601762000e+15
3.683072821808429306e-15 2.494321696595658500e+15
3.827860754378391515e-15 1.951062672624384750e+15
3.978340549811817008e-15 1.533608605832354250e+15
4.134735965035692552e-15 1.212566677180002750e+15
4.297279553246972359e-15 9.964121172523790000e+14
4.466213009709094034e-15 8.505563278484193750e+14
4.641787531142350747e-15 7.476370819549441250e+14
4.824264189242510571e-15 6.855363876569382500e+14
5.013914318883108118e-15 6.548423573234687500e+14
5.211019921578621145e-15 6.434800045026776250e+14
5.415874084808494785e-15 6.446013705861512500e+14
5.628781417825502221e-15 6.571598630722030000e+14
5.850058504596491059e-15 6.759672706391661250e+14
6.080034374549003798e-15 6.975939830326318750e+14
6.319050991823763405e-15 7.205947570912735000e+14
6.567463763760511513e-15 7.440466216484550000e+14
6.825642069373303492e-15 7.673532461364382500e+14
7.093969808601079443e-15 7.898856355115161250e+14
7.372845973150210142e-15 8.102053624133458750e+14
7.662685239777861450e-15 8.284171268413870000e+14
7.963918586898335888e-15 8.426121004038562500e+14
8.276993935429274145e-15 8.541903837790101250e+14
8.602376814830634473e-15 8.622372503012223750e+14
8.940551055326792244e-15 8.678636767372725000e+14
9.292019507341095369e-15 8.686410791405485000e+14
9.657304789212627760e-15 8.666807512178043750e+14
1.003695006430700612e-14 8.590958859380708750e+14
1.043151984867673511e-14 8.489889971709952500e+14
1.084160085047208586e-14 8.335090937550177500e+14
1.126780284235066043e-14 8.163949257831108750e+14
1.171075956818287969e-14 7.955871294477120000e+14
1.217112968540161962e-14 7.737534056967373750e+14
1.264959774439723839e-14 7.477905511303820000e+14
1.314687520641430576e-14 7.209254188222903750e+14
1.366370150146360486e-14 6.890365584658248750e+14
1.420084512782248327e-14 6.534762704126010000e+14
1.475910479475843765e-14 6.054609560525132500e+14
1.533931061017514946e-14 5.583164680739529375e+14
1.594232531494692042e-14 5.092392648281213125e+14
1.656904556577692043e-14 4.635166291539493125e+14
1.722040326848680044e-14 4.199197087169572500e+14
1.789736696372022279e-14 3.795789734216728750e+14
1.860094326712076802e-14 3.413834804252913750e+14
1.933217836612573252e-14 3.059303240072031250e+14
2.009215957560144289e-14 2.722421357199242500e+14
2.088201695463330808e-14 2.411344204860042188e+14
2.170292498687463124e-14 2.119478745774908750e+14
2.255610432695285421e-14 1.855705287873750312e+14
2.344282361553002254e-14 1.615527386974176250e+14
2.436440136571642001e-14 1.400956431306020469e+14
2.532220792364234091e-14 1.208916137788149219e+14
2.631766750610334622e-14 1.039709742441852812e+14
2.735226031830882895e-14 8.910665774154682812e+13
2.842752475488296463e-14 7.623992753086948438e+13
2.954505968739074687e-14 6.515091148791688281e+13
3.070652684179064149e-14 5.571645108602858594e+13
3.191365326934900675e-14 4.769311582987997656e+13
3.316823391469037432e-14 4.092209242972582812e+13
3.447213428480222344e-14 3.519149813564814062e+13
3.582729322296297600e-14 3.041025773521775391e+13
3.723572579171776875e-14 2.637250568589332031e+13
3.869952626918909539e-14 2.302722344504520703e+13
4.022087126317745176e-14 2.018534828434301172e+13
4.180202294768274895e-14 1.781664257363621875e+13
4.344533242665886151e-14 1.577173026785913477e+13
4.515324323000323774e-14 1.402011990172161133e+13
4.692829494697981236e-14 1.248623088623185156e+13
4.877312700247806644e-14 1.117254039653743359e+13
5.069048258172333409e-14 1.001549786673695312e+13
5.268321270927419109e-14 9.023798506784185547e+12
5.475428048837229386e-14 8.138698784674678711e+12
5.690676550694833653e-14 7.351610629041355469e+12
5.914386841683569140e-14 6.652838828406510742e+12
6.146891569300082701e-14 6.066478981346041992e+12
6.388536457986723588e-14 5.535477704221080078e+12
6.639680823208790829e-14 5.057573985173990234e+12
6.900698105741041421e-14 4.617204775284149414e+12
7.171976426957919250e-14 4.202637261281302246e+12
7.453919165953198531e-14 3.829565593632440430e+12
7.746945559347197447e-14 3.498808521936118652e+12
8.051491324673439317e-14 3.185135771057931152e+12
8.368009308271724593e-14 2.868083656902850098e+12
8.696970158650990822e-14 2.598320084701305176e+12
9.038863026323219428e-14 2.345917398976562988e+12
9.394196291149033182e-14 2.115172054838523682e+12
9.763498318276483616e-14 1.924227158613798584e+12
1.014731824379710973e-13 1.774787849660595215e+12
1.054622679128747509e-13 1.720567121934941895e+12
1.096081712045036769e-13 1.650250103577057617e+12
1.139170570911754092e-13 1.793574020431978516e+12
1.183953326992550030e-13 1.716608426499257324e+12
1.230496570302740790e-13 1.360863924917304199e+12
1.278869508625769449e-13 1.067695315138353394e+12
1.329144070422180248e-13 9.667989046445852051e+11
1.381395011784115973e-13 9.714291889343535156e+11
1.435700027594385395e-13 1.022443573231532715e+12
1.492139867055382399e-13 1.176232706634994873e+12
1.550798453759645976e-13 1.432065036009949219e+12
1.611763010480602630e-13 1.410923083453756104e+12
1.675124188869044174e-13 1.330960171385814941e+12
1.740976204248201108e-13 1.537321274391583252e+12
1.809416975707839815e-13 1.009799210289293945e+12
1.880548271705700414e-13 4.710005106403721924e+11
1.954475861392778818e-13 3.691552075671574097e+11
2.031309671887464676e-13 3.401505282699448242e+11
2.111163951732396730e-13 3.493317789046940918e+11
2.194157440777090060e-13 4.241528427605289307e+11
2.280413546738939090e-13 6.669320030442768555e+11
2.370060528705139874e-13 7.847280814256247559e+11
2.463231687848388906e-13 9.478647062102579346e+11
2.560065565639941738e-13 1.333223518135709717e+12
2.660706149854770508e-13 9.942805681654283447e+11
2.765303088675138505e-13 5.202279109159771118e+11
2.874011913210954045e-13 3.825011162714672852e+11
2.986994268767783493e-13 3.573786966059704590e+11
3.104418155206407209e-13 4.029024207883734741e+11
3.226458176751322124e-13 4.780116576599515991e+11
3.353295801619650293e-13 2.621425533749601440e+11
3.485119631856504018e-13 2.314980497293579407e+11
3.622125683778041633e-13 2.037157139773161316e+11
3.764517679439229314e-13 2.013099384255097046e+11
3.912507349559693680e-13 1.940891724689244690e+11
4.066314748358118664e-13 1.922289414150180359e+11
4.226168580763320172e-13 1.848738813412970581e+11
4.392306542488552813e-13 1.782305481408935242e+11
4.564975673474720885e-13 1.721852478993536682e+11
4.744432725228055238e-13 1.665993737506217346e+11
4.930944542598461783e-13 1.613749298378705444e+11
5.124788460566235236e-13 1.564866867694715271e+11
5.326252716627142945e-13 1.519577912735906982e+11
5.535636879389076918e-13 1.482292533620814209e+11
5.753252294017571176e-13 1.501251498120530396e+11
5.979422545192562029e-13 1.774016762477921143e+11
6.214483938264763658e-13 1.441278879800225525e+11
6.458785999327131890e-13 1.310535421602609558e+11
6.712691994945003240e-13 1.264651036573035431e+11
6.976579472317715246e-13 1.226912261904550781e+11
7.250840820674910373e-13 1.190476229853325806e+11
7.535883854742297332e-13 1.155279393716677856e+11
7.832132421144454272e-13 1.121263402635547180e+11
8.140027028646369357e-13 1.088374111844935913e+11
8.460025503170863267e-13 1.056561184734616547e+11
8.792603668565870538e-13 1.025309942973348083e+11
9.138256054133862194e-13 9.885126956037359619e+10
9.497496629975455783e-13 9.369136002375613403e+10
9.870859571240660374e-13 8.880435436954725647e+10
1.025890005242414434e-12 8.417543486360008240e+10
1.066219507288562814e-12 7.979062916498014832e+10
1.108134431482289298e-12 7.563675786409603882e+10
1.151697103497319198e-12 7.170138678732423401e+10
1.196972299136897628e-12 6.797279100338385773e+10
1.244027340652598551e-12 6.443987657513386536e+10
1.292932196849592450e-12 6.109217862955066681e+10
1.343759587127223146e-12 5.791981471395254517e+10
1.396585089609600359e-12 5.491344815096852112e+10
1.451487253526990025e-12 5.206425594906375885e+10
1.508547716015113062e-12 4.936389929362436676e+10
1.567851323506023346e-12 4.685400688721731567e+10
1.629486257891071220e-12 4.514550008180465698e+10
1.693544167643550262e-12 4.369310014617133331e+10
1.760120304096000027e-12 4.228856596597591400e+10
1.829313663074805406e-12 4.093019701621153259e+10
1.901227132102695709e-12 3.961636617434290314e+10
1.975967643388026656e-12 3.834551593622704315e+10
2.053646332828333655e-12 3.711615701183343506e+10
2.134378705264591913e-12 3.592685127339645386e+10
2.218284806231901650e-12 3.477622445707148743e+10
2.305489400461991440e-12 3.366295683501713181e+10
2.396122157402960855e-12 3.254947343253823090e+10
2.490317844032123521e-12 3.081287613402964401e+10
2.588216525248655486e-12 2.797683427610510254e+10
2.689963772144024174e-12 2.540183994742858505e+10
2.795710878459883759e-12 2.306386281722383118e+10
2.905615085555307552e-12 2.094108492601836777e+10
3.019839816217863104e-12 1.901369687422555542e+10
3.138554917666210435e-12 1.726371289589166260e+10
3.261936914105545016e-12 1.567480296139588737e+10
3.390169269211433157e-12 1.423119353754147720e+10
3.523442658932337001e-12 1.287760633780481911e+10
3.661955255016476774e-12 1.118259635508194542e+10
3.805913019684623430e-12 9.681809039129537582e+09
3.955530011886983452e-12 8.382449017775848389e+09
4.111028705599573468e-12 7.257480694755767822e+09
4.272640320633366905e-12 6.283497321664461136e+09
4.440605166448121383e-12 5.433057124110309601e+09
4.615172999482120847e-12 4.548958099334482193e+09
4.796603394529163464e-12 3.759222609714847565e+09
4.985166130715014315e-12 3.106626433886081219e+09
5.181141592647264225e-12 2.567351204176279068e+09
5.384821187335076775e-12 2.122551397877970934e+09
5.596507777498763873e-12 1.774279938128100395e+09
5.816516131913512676e-12 1.490426258881268740e+09
6.045173393456900504e-12 1.251996421826822519e+09
6.282819565556153100e-12 1.051720069634798169e+09
6.529808017758497100e-12 8.834907034949620962e+08
6.786506011176339413e-12 7.421793050003545284e+08
7.053295244588611019e-12 6.242461242378600836e+08
7.330572422010287065e-12 5.481096960793775320e+08
7.618749842574049805e-12 4.857625324709542990e+08
7.918256013601204737e-12 4.308546820944221020e+08
8.229536287773481307e-12 3.891269394722682834e+08
8.553053525353146150e-12 3.524176150706924796e+08
8.889288782436129222e-12 3.193676518194457293e+08
9.238742026261571834e-12 2.975444851153430939e+08
9.601932878641415164e-12 2.828971647755373120e+08
9.979401388615488257e-12 2.684161715911573768e+08
1.037170883548100740e-11 2.507889923801468313e+08
1.077943856339052853e-11 2.343209924370757639e+08
1.120319684875940312e-11 2.189357706357576549e+08
1.164361380177249142e-11 2.045540722271288931e+08
1.210134430333068259e-11 1.905902491575818956e+08
1.257706897883037177e-11 1.747255934536984563e+08
1.307149521022389607e-11 1.601630343815174401e+08
1.358535818786580886e-11 1.486100300182091594e+08
1.411942200370903705e-11 1.387881189312339425e+08
1.467448078747646730e-11 1.292618407063990980e+08
1.525135988749738365e-11 1.088302654823811352e+08
1.585091709796463326e-11 9.064068939191827178e+07
1.647404393443735833e-11 7.549204911038434505e+07
1.712166695948597392e-11 6.287588047430668026e+07
1.779474916045048737e-11 5.236873721698416770e+07
1.849429138136091424e-11 4.361798832268333435e+07
1.922133381114890531e-11 3.632997095612666756e+07
1.997695753036357714e-11 3.026012828012827411e+07
2.076228611869136990e-11 2.520479727645695582e+07
